R[0][0] (n=2) = 1.5707963267948966, error = 0.429203673205103
R[1][0] (n=4) = 1.8961188979370398, error = 0.103881102062960
R[1][1] = 2.0045597549844207, error = 0.004559754984421
R[2][0] (n=8) = 1.9742316019455510, error = 0.025768398054449
R[2][1] = 2.0002691699483881, error = 0.000269169948388
R[2][2] = 1.9999831309459859, error = 0.000016869054014
R[3][0] (n=16) = 1.9935703437723395, error = 0.006429656227660
R[3][1] = 2.0000165910479359, error = 0.000016591047936
R[3][2] = 1.9999997524545725, error = 0.000000247545427
R[3][3] = 2.0000000162880420, error = 0.000000016288042
R[4][0] (n=32) = 1.9983933609701447, error = 0.001606639029855
R[4][1] = 2.0000010333694132, error = 0.000001033369413
R[4][2] = 1.9999999961908450, error = 0.000000003809155
R[4][3] = 2.0000000000596749, error = 0.000000000059675
R[4][4] = 1.9999999999960343, error = 0.000000000003966
R[5][0] (n=64) = 1.9995983886400377, error = 0.000401611359962
R[5][1] = 2.0000000645300022, error = 0.000000064530002
R[5][2] = 1.9999999999407081, error = 0.000000000059292
R[5][3] = 2.0000000000002296, error = 0.000000000000230
R[5][4] = 1.9999999999999964, error = 0.000000000000004
R[5][5] = 2.0000000000000004, error = 0.000000000000000

収束しました: R[5][5] = 2.0000000000000004

real    0m0.003s
user    0m0.002s
sys     0m0.002s